1 1 1 5198.289046079396  1554.8005735478994  0 
1 1 1 5269.180080883694  1524.9494929585933  1000 
1 1 1 5269.338380229195  1597.706780240331  2000 
1 1 1 5258.582681472898  1627.7428875905239  3000 
1 1 1 5284.857561201839  1542.0850894788728  4000 
1 1 1 5260.926956824087  1614.0752042972351  5000 
1 1 1 5328.451042363165  1598.9077004980677  6000 
1 1 1 5274.491780252659  1513.0051003117924  7000 
1 1 1 5286.681650793908  1463.6745482099932  8000 
1 1 1 5333.313697167333  1635.3134434750048  9000 
1 1 1 5409.671310674398  1631.6730767207691  10000 
1 1 1 5399.522956776028  1563.596125771001  11000 
1 1 1 5376.802965122958  1532.9545534061654  12000 
1 1 1 5457.168803199464  1641.1089110173161  13000 
1 1 1 5480.686116315695  1571.923855891464  14000 
1 1 1 5474.002519089442  1540.4857571381747  15000 
1 1 1 5457.29590232145  1746.5397790697764  16000 
1 1 1 5372.023512892248  1610.7229317268122  17000 
1 1 1 5364.2892423009025  1544.9274348481422  18000 
1 1 1 5403.866442314865  1607.6564896947725  19000 
1 1 1 5452.643304997383  1640.2510368345818  20000 
