1 1 1 5200 1558   20   9
1 1 1   5226  1558   22   9
1 1 1   5239  1571   23   10
1 1 1   5252  1584   24   11
1 1 1   5266  1571   25   10
1 1 1   5266  1597   25   12
1 1 1   5292  1597   27   12
1 1 1   5292  1571   27   10
1 1 1   5292  1544   27   8
1 1 1   5292  1571   27   10
1 1 1   5318  1571   29   10
1 1 1   5344  1571   31   10
1 1 1   5357  1558   32   9
1 1 1   5383  1558   34   9
1 1 1   5409  1558   36   9
1 1 1   5435  1558   38   9
1 1 1   5435  1584   38   11
1 1 1   5409  1584   36   11
1 1 1   5396  1571   35   10
1 1 1   5396  1597   35   12
1 1 1   5409  1610   36  13
